
164
163
161
164
169
176
157
140
132
150
138
164
150
145
150
140
51
50
65
46
72
110
113
115
111
114
120
116
117
121
113
129
119
109
103
92
100
111
85
106
142
141
140
145
142
133
117
128
118
116
118
121
128
133
130
126
130
76
215
214
218
216
221
219
120
151
145
147
145
125
122
148
102
96
86
109
106
100
142
140
133
137
145
140
140
133
128
126
127
123
138
184
182
174
179
186
174
139
151
156
147
134
148
153
133
130
141
132
137
138
95
138
81
97
121
122
128
121
118
138
119
219
217
219
220
217
220
218
113
110
111
111
114
117
108
112
92
95
104
112
96
168
160
108
104
116
176
161
159
167
172
174
179
179
171
111
107
116
92
95
104
112
96
146
153
105
124
136
123
119
108
106
104
111
114
104
101
88
81
91
96
99
77
89
90
225
224
221
219
220
232
225
106
103
106
101
148
153
146
146
140
162
150
111
209
136
135
132
137
137
138
102
98
66
68
74
61
65
189
199
184
179
187
209
149
152
153
149
149
146
161
116
108
114
119
101
115
102
159
155
161
158
160
164
113
83
142
121
137
110
141
125
132
113
179
183
189
173
198
195
177
58
114
116
124
105
136
92
118
82
80
78
75
89
92
77
70
121
124
121
124
126
124
120
117
107
117
116
122
117
116
126
134
133
82
84
78
80
87
98
101
119
113
96
88
111
114
88
117
137
132
135
137
137
127
131
130
120
135
125
140
111
128
126
132
91
77
113
126
135
142
121
122
67
101
107
103
103
109
103
113
109
106
119
114
115
109
122
133
130
140
124
151
149
136
185
194
179
201
173
206
187
142
140
180
101
159
162
167
153
150
158
93
105
105
93
90
94
114
95
126
124
122
142
126
125
112
123
116
118
106
127
118
117
115
121
118
114
122
123
135
136
132
129
133
130
134
167
169
160
174
183
193
88
94
97
102
80
109
93
123
118
137
133
133
126
164
132
177
179
174
97
139
144
142
93
144
142
113
78
118
76
80
74
118
216
210
206
218
222
190
205
170
100
101
97
93
99
97
172
176
175
173
170
174
169
224
221
220
228
218
231
230
112
106
111
109
106
98
115
110
116
89
88
86
113
110
109
146
141
147
149
147
135
128
144
146
71
69
133
23
115
125
121
138
135
151
132
96
115
113
87
123
104
295
133
164
163
161
164
169
176
157
140
132
150
138
164
175
150
145
150
140
51
58
50
65
46
72
110
113
115
111
114
120
116
117
121
113
129
119
109
103
92
100
111
85
106
142
141
140
145
142
133
117
128
118
116
118
117
121
128
133
130
126
135
138
130
76
217
215
214
218
216
221
219
120
151
145
147
145
125
122
148
102
96
86
109
106
100
142
140
133
148
137
146
145
140
140
133
130
128
126
127
123
138
184
182
174
179
186
174
139
151
156
147
134
148
153
133
130
141
132
137
141
138
95
138
130
128
81
97
121
122
128
121
118
138
119
219
217
219
220
217
220
218
113
110
111
111
114
117
108
112
92
95
104
112
96
168
114
160
108
104
116
176
161
159
167
172
174
179
179
171
143
111
107
116
92
95
104
112
96
146
153
105
124
136
123
119
108
106
104
111
114
104
101
88
81
91
96
99
77
89
90
225
224
221
219
220
232
225
106
103
106
101
148
153
146
146
140
162
150
111
209
137
139
130
136
135
132
137
137
138
102
98
66
68
74
61
65
189
199
184
179
187
209
149
152
153
149
149
146
161
116
108
114
119
101
115
102
159
155
161
158
160
164
113
83
142
121
137
110
141
125
132
113
179
183
189
173
198
195
177
58
114
116
124
105
136
92
118
82
80
78
75
89
92
77
70
121
124
121
124
126
124
120
117
107
117
116
122
117
116
126
134
133
82
84
78
80
87
98
102
100
101
119
113
96
88
111
114
88
117
137
132
135
137
137
127
131
130
120
135
125
140
111
128
126
132
91
77
113
126
135
142
117
121
122
67
101
107
107
103
103
109
103
113
109
106
119
114
115
109
122
133
130
140
124
151
149
136
185
194
179
201
173
206
187
142
140
180
101
159
162
167
153
150
158
93
105
105
86
93
90
94
114
96
95
126
130
124
122
142
126
125
112
123
116
118
106
127
118
117
115
121
118
114
122
123
135
136
132
129
133
130
134
167
169
160
174
183
193
88
94
97
102
80
109
93
123
118
137
133
133
126
164
132
177
138
135
179
174
97
139
144
142
93
144
142
113
78
118
76
80
74
118
216
210
206
218
222
190
205
170
100
101
97
103
93
99
97
172
176
175
173
170
174
169
224
221
220
228
218
231
230
112
106
111
109
106
98
115
110
116
94
89
88
86
113
110
109
142
146
141
147
149
147
135
128
144
146
71
69
133
23
115
125
121
133
144
138
135
151
132
96
104
115
113
87
123
104
129
125
129
116
119
120
129
125
129
116
119
120
154
151
160
155
156
167
155
88
81
91
96
99
77
89
161
167
141
165
161
144
138
135
151
132
98
141
100
63
164
163
161
164
169
176
157
154
151
160
155
156
167
155
161
167
141
165
161
106
75
97
119
87
94
114
140
132
150
138
164
175
150
148
150
145
144
150
140
61
48
57
44
60
52
66
115
119
112
109
131
102
51
58
50
65
46
72
96
93
91
80
104
111
91
110
113
115
111
114
120
116
117
121
113
129
119
109
103
92
100
111
85
106
142
141
139
140
145
142
150
132
151
156
153
146
152
150
150
124
134
131
132
133
130
117
128
118
116
118
117
121
175
183
175
128
133
130
126
135
138
130
76
217
215
214
218
216
221
219
120
151
145
147
145
125
122
148
102
96
86
109
106
100
142
140
133
148
137
146
145
140
140
133
130
128
126
127
123
138
118
162
165
169
158
156
120
159
131
145
136
174
184
182
174
179
186
174
48
48
50
38
36
46
160
157
167
155
152
172
163
139
151
156
147
134
148
153
161
123
69
110
99
96
112
92
94
98
69
133
130
141
132
137
141
138
105
113
97
105
61
137
95
138
130
128
81
136
146
150
154
156
148
160
143
97
121
122
128
121
118
138
117
119
120
148
145
142
138
156
154
150
153
160
154
161
146
142
157
219
217
219
220
217
220
218
113
110
111
111
114
117
114
108
115
112
161
163
158
158
160
92
95
88
104
112
96
168
114
160
108
173
104
116
176
93
85
94
161
159
167
90
96
96
87
130
148
172
174
179
179
171
143
111
107
116
92
95
88
104
112
96
151
146
146
153
146
157
151
105
124
136
122
121
126
123
123
119
117
71
108
106
104
111
114
104
101
91
89
89
91
88
90
90
88
81
91
96
99
77
89
40
72
90
225
224
221
219
220
232
225
101
99
106
103
106
111
101
128
135
148
153
146
146
140
162
150
140
133
136
111
135
146
134
196
202
200
203
203
209
201
138
137
140
137
136
139
70
130
136
138
141
135
149
132
33
132
121
119
137
137
138
121
102
98
66
68
74
61
65
189
199
184
179
187
209
153
160
154
161
146
142
157
155
152
158
161
159
156
158
149
152
153
149
149
146
161
147
143
145
149
145
146
145
83
116
108
114
119
121
101
115
102
123
126
125
128
119
112
123
122
159
155
161
158
160
164
151
113
83
142
121
137
110
141
125
132
113
179
183
189
173
198
195
177
74
127
127
121
116
116
94
97
83
86
92
93
89
58
114
116
124
105
136
92
118
82
80
78
75
89
92
77
70
121
124
121
124
126
124
120
117
107
117
116
122
117
116
152
154
143
148
151
141
145
36
43
44
28
42
126
134
133
83
77
113
106
98
82
84
78
80
61
87
71
7
98
97
102
100
95
101
119
113
96
88
111
114
88
117
137
132
135
137
137
127
131
130
120
135
125
140
111
128
126
132
91
77
113
126
135
142
126
123
124
113
136
134
133
134
139
117
121
51
122
67
46
137
135
141
146
142
154
151
154
148
157
149
151
100
100
155
101
107
107
103
103
109
103
113
109
106
119
114
115
109
122
127
131
133
124
139
136
130
145
141
149
153
137
144
146
164
133
130
140
124
151
149
136
118
112
110
104
120
105
88
185
194
179
201
173
206
187
132
128
142
140
124
120
128
147
180
101
159
162
167
153
150
158
78
31
131
136
130
93
105
105
103
86
94
93
75
122
90
125
94
114
96
95
122
92
95
85
91
104
126
130
124
122
142
126
125
99
102
97
98
101
63
92
68
90
112
123
116
118
106
127
118
123
105
101
102
121
127
120
125
117
116
122
135
136
132
129
133
130
134
86
84
101
167
169
160
174
183
193
88
94
97
102
80
109
93
94
97
123
118
102
100
103
93
103
105
99
103
96
85
87
82
93
79
94
85
137
133
133
126
164
132
177
182
138
135
179
130
174
134
100
130
108
137
133
113
97
139
144
142
93
144
142
134
113
126
113
78
118
76
80
74
118
119
121
121
119
82
69
29
34
37
51
44
37
216
210
206
218
190
205
170
100
101
97
103
93
99
97
159
168
172
176
175
173
170
174
169
224
221
220
228
218
231
69
67
55
58
230
103
96
111
103
116
110
108
107
117
98
111
112
106
111
109
106
98
115
110
116
116
102
99
89
109
82
74
91
76
39
72
94
89
88
108
97
108
101
102
99
95
99
107
118
107
112
100
112
105
117
111
112
149
200
193
86
113
110
55
109
198
142
146
134
141
147
149
147
135
128
144
146
71
69
109
133
23
143
138
143
150
153
124
162
143
125
121
139
142
133
139
103
103
134
129
125
129
116
119
120
144
138
135
151
132
98
141
100
96
104
115
113
87
123
104
28
7
29
23
28
28
29
28
28
28
28
48
57
44
52
51
58
50
46
48
48
50
38
36
46
35
57
40
33
56
47
39
50
58
51
46
31
34
37
51
44
37
55
58
39
55
55
48
57
57
127
122
131
120
127
122
131
120
140
143
132
103
103
102
133
140
143
132
103
103
102
133
138
138
138
138
138
138
138
138
138
138
138
134
138
134
138
126
131
134
118
138
88
79
93
58
87
68
77
57
88
79
93
58
87
68
77
52
58
50
52
46
65
68
100
43
89
54
108
115
112
121
150
148
154
153
157
146
151
31
39
32
33
35
99